MOLECULE_DATA
NATOMS 12
ATOMS C C C C C C H H H H H H
COORDINATES (Angstrom)
0.000000 1.406876 0.000000
1.218390 0.703438 0.000000
1.218390 -0.703438 0.000000
-0.000000 -1.406876 -0.000000
-1.218390 -0.703438 0.000000
-1.218390 0.703438 0.000000
0.000000 2.493833 0.000000
2.159723 1.246916 0.000000
2.159723 -1.246916 0.000000
-0.000000 -2.493833 -0.000000
-2.159723 -1.246916 0.000000
-2.159723 1.246916 0.000000
BONDS (AtomIndex1 AtomIndex2) [1-based]
1 2
1 6
1 7
2 3
2 8
3 4
3 9
4 5
4 10
5 6
5 11
6 12
NUM_MODES 36
EMIT 1
EIGEN -23.751411
VECTOR
-0.00000 -0.60539 0.36538
0.00000 -0.00000 0.00000
-0.00000 -0.00000 -0.00000
-0.00000 0.60539 -0.36538
0.00000 -0.00000 -0.00000
-0.00000 -0.00000 0.00000
-0.00000 -0.00000 0.00000
-0.00000 -0.00000 -0.00000
-0.00000 -0.00000 0.00000
-0.00000 -0.00000 -0.00000
0.00000 -0.00000 0.00000
-0.00000 -0.00000 0.00000
EMIT 2
EIGEN -23.751411
VECTOR
-0.00000 -0.36538 -0.60539
0.00000 -0.00000 -0.00000
-0.00000 -0.00000 -0.00000
0.00000 0.36538 0.60539
0.00000 -0.00000 -0.00000
-0.00000 -0.00000 -0.00000
-0.00000 0.00000 -0.00000
0.00000 -0.00000 -0.00000
-0.00000 0.00000 -0.00000
0.00000 -0.00000 -0.00000
-0.00000 -0.00000 -0.00000
0.00000 -0.00000 -0.00000
EMIT 3
EIGEN -23.751407
VECTOR
-0.00000 0.00000 0.57735
-0.00000 0.00000 -0.28868
-0.00000 -0.00000 -0.28868
0.00000 0.00000 0.57735
0.00000 -0.00000 -0.28868
-0.00000 -0.00000 -0.28868
0.00000 -0.00000 -0.00000
0.00000 -0.00000 -0.00000
0.00000 -0.00000 -0.00000
0.00000 -0.00000 -0.00000
-0.00000 -0.00000 -0.00000
-0.00000 -0.00000 -0.00000
EMIT 4
EIGEN -23.751404
VECTOR
0.00000 0.40825 -0.00000
0.35355 -0.20412 0.00000
-0.35355 -0.20412 0.00000
0.00000 0.40825 -0.00000
0.35355 -0.20412 -0.00000
-0.35355 -0.20412 0.00000
0.00000 -0.00000 0.00000
0.00000 -0.00000 -0.00000
-0.00000 -0.00000 0.00000
0.00000 -0.00000 0.00000
0.00000 -0.00000 0.00000
-0.00000 -0.00000 0.00000
EMIT 5
EIGEN -23.751401
VECTOR
-0.00000 -0.00000 0.00000
0.03612 -0.02085 -0.64651
0.28629 0.16529 0.53035
-0.00000 0.00000 0.00000
-0.03612 0.02085 -0.13162
-0.28629 -0.16529 0.24778
0.00000 -0.00000 -0.00000
-0.00000 -0.00000 0.00000
-0.00000 0.00000 -0.00000
-0.00000 -0.00000 -0.00000
0.00000 0.00000 -0.00000
0.00000 -0.00000 -0.00000
EMIT 6
EIGEN -23.751401
VECTOR
0.00000 -0.00000 -0.00000
0.45162 -0.26075 -0.30097
-0.06402 -0.03696 -0.34541
0.00000 -0.00000 0.00000
-0.45162 0.26075 0.43801
0.06402 0.03696 0.20837
0.00000 0.00000 -0.00000
0.00000 -0.00000 0.00000
0.00000 0.00000 0.00000
-0.00000 0.00000 0.00000
-0.00000 0.00000 0.00000
-0.00000 0.00000 0.00000
EMIT 7
EIGEN -23.751401
VECTOR
-0.00000 -0.00000 -0.00000
0.03644 -0.02104 0.32465
0.53225 0.30729 -0.36581
0.00000 0.00000 -0.00000
-0.03644 0.02104 0.04254
-0.53225 -0.30729 -0.00138
-0.00000 0.00000 -0.00000
-0.00000 0.00000 0.00000
0.00000 -0.00000 -0.00000
-0.00000 -0.00000 -0.00000
0.00000 0.00000 -0.00000
0.00000 0.00000 0.00000
EMIT 8
EIGEN -23.751401
VECTOR
0.00000 -0.00000 0.00000
0.32205 -0.18594 0.23038
0.04503 0.02600 0.46432
-0.00000 -0.00000 0.00000
-0.32205 0.18594 -0.02483
-0.04503 -0.02600 -0.66987
-0.00000 0.00000 0.00000
0.00000 0.00000 0.00000
0.00000 0.00000 -0.00000
0.00000 -0.00000 -0.00000
-0.00000 0.00000 -0.00000
-0.00000 -0.00000 -0.00000
EMIT 9
EIGEN -23.751401
VECTOR
0.00000 -0.00000 0.00000
0.25433 -0.14684 0.28804
-0.06024 -0.03478 0.00247
0.00000 -0.00000 0.00000
-0.25433 0.14684 -0.73376
0.06024 0.03478 0.44324
-0.00000 0.00000 -0.00000
0.00000 0.00000 -0.00000
0.00000 0.00000 -0.00000
-0.00000 0.00000 -0.00000
-0.00000 0.00000 -0.00000
-0.00000 0.00000 -0.00000
EMIT 10
EIGEN -18.488392
VECTOR
-0.00317 0.27969 -0.00000
-0.14803 0.00401 -0.00000
0.16314 0.01640 -0.00000
-0.00317 0.27969 0.00000
-0.14803 0.00401 -0.00000
0.16314 0.01640 -0.00000
-0.01094 -0.41564 0.00000
0.04587 -0.30753 0.00000
-0.07616 -0.31239 0.00000
-0.01094 -0.41564 -0.00000
0.04587 -0.30753 0.00000
-0.07616 -0.31239 0.00000
EMIT 11
EIGEN -18.488389
VECTOR
-0.07962 -0.01114 -0.00000
0.19606 -0.15599 0.00000
0.18367 0.15518 0.00000
-0.07962 -0.01114 0.00000
0.19606 -0.15599 0.00000
0.18367 0.15518 0.00000
-0.27473 0.01656 -0.00000
-0.38285 0.07336 -0.00000
-0.37799 -0.04867 -0.00000
-0.27473 0.01656 -0.00000
-0.38285 0.07336 -0.00000
-0.37799 -0.04867 -0.00000
EMIT 12
EIGEN -15.009611
VECTOR
0.00000 -0.00000 -0.11364
0.00000 -0.00000 -0.11364
-0.00000 -0.00000 -0.11364
0.00000 -0.00000 -0.11364
-0.00000 -0.00000 -0.11364
-0.00000 -0.00000 -0.11364
0.00000 0.00000 0.39211
0.00000 -0.00000 0.39211
-0.00000 -0.00000 0.39211
0.00000 0.00000 0.39211
0.00000 -0.00000 0.39211
-0.00000 0.00000 0.39211
EMIT 13
EIGEN -6.267818
VECTOR
-0.00000 -0.00000 -0.00000
0.00000 0.00000 -0.00000
-0.00000 0.00000 -0.00000
0.00000 -0.00000 -0.00000
0.00000 0.00000 -0.00000
-0.00000 0.00000 -0.00000
0.00000 -0.00333 -0.70710
-0.00000 0.00000 0.00000
0.00000 0.00000 0.00000
0.00000 0.00333 0.70710
-0.00000 0.00000 0.00000
0.00000 0.00000 0.00000
EMIT 14
EIGEN -6.267818
VECTOR
-0.00000 -0.00000 0.00000
0.00000 0.00000 -0.00000
0.00000 -0.00000 -0.00000
-0.00000 -0.00000 -0.00000
0.00000 0.00000 -0.00000
-0.00000 0.00000 0.00000
0.00000 0.70710 -0.00333
-0.00000 0.00000 -0.00000
0.00000 0.00000 -0.00000
-0.00000 -0.70710 0.00333
0.00000 -0.00000 0.00000
-0.00000 -0.00000 0.00000
EMIT 15
EIGEN -6.267818
VECTOR
-0.00000 -0.00000 -0.00000
0.00000 0.00000 -0.00000
-0.00000 -0.00000 -0.00000
-0.00000 -0.00000 -0.00000
0.00000 0.00000 -0.00000
-0.00000 0.00000 -0.00000
-0.00000 -0.00000 -0.57735
0.00000 -0.00000 0.28868
0.00000 0.00000 0.28868
-0.00000 -0.00000 -0.57735
-0.00000 0.00000 0.28868
0.00000 0.00000 0.28868
EMIT 16
EIGEN -6.267818
VECTOR
-0.00000 0.00000 0.00000
-0.00000 -0.00000 0.00000
0.00000 -0.00000 0.00000
-0.00000 0.00000 0.00000
-0.00000 -0.00000 0.00000
0.00000 -0.00000 0.00000
-0.00000 0.40825 -0.00000
0.35355 -0.20412 0.00000
-0.35355 -0.20412 0.00000
-0.00000 0.40825 0.00000
0.35355 -0.20412 -0.00000
-0.35355 -0.20412 -0.00000
EMIT 17
EIGEN -6.267818
VECTOR
0.00000 -0.00000 0.00000
0.00000 0.00000 0.00000
-0.00000 0.00000 0.00000
0.00000 -0.00000 -0.00000
0.00000 0.00000 -0.00000
-0.00000 0.00000 -0.00000
-0.00000 0.00000 -0.00000
0.19285 -0.11134 -0.09824
-0.46996 -0.27133 0.47821
-0.00000 -0.00000 -0.00000
-0.19285 0.11134 -0.21585
0.46996 0.27133 -0.16412
EMIT 18
EIGEN -6.267818
VECTOR
-0.00000 0.00000 0.00000
-0.00000 -0.00000 -0.00000
0.00000 -0.00000 0.00000
0.00000 -0.00000 0.00000
0.00000 0.00000 -0.00000
-0.00000 0.00000 -0.00000
-0.00000 -0.00000 0.00000
0.04208 -0.02430 -0.82568
-0.02156 -0.01245 0.04450
0.00000 0.00000 0.00000
-0.04208 0.02430 0.44159
0.02156 0.01245 0.33958
EMIT 19
EIGEN -6.267818
VECTOR
-0.00000 0.00000 0.00000
-0.00000 -0.00000 0.00000
0.00000 -0.00000 0.00000
-0.00000 0.00000 0.00000
-0.00000 -0.00000 0.00000
0.00000 -0.00000 0.00000
-0.00000 0.00000 -0.00000
-0.56651 0.32708 -0.04414
-0.23038 -0.13301 0.01007
-0.00000 0.00000 -0.00000
0.56651 -0.32708 0.01834
0.23038 0.13301 0.01572
EMIT 20
EIGEN -6.267818
VECTOR
-0.00000 0.00000 0.00000
-0.00000 -0.00000 -0.00000
-0.00000 0.00000 -0.00000
-0.00000 -0.00000 0.00000
-0.00000 -0.00000 -0.00000
0.00000 -0.00000 0.00000
-0.00000 0.00000 0.00000
0.12133 -0.07005 0.23787
-0.31347 -0.18098 -0.70306
0.00000 -0.00000 0.00000
-0.12133 0.07005 0.37337
0.31347 0.18098 0.09183
EMIT 21
EIGEN -6.267818
VECTOR
0.00000 0.00000 -0.00000
-0.00000 -0.00000 -0.00000
0.00000 0.00000 0.00000
0.00000 0.00000 -0.00000
-0.00000 -0.00000 -0.00000
0.00000 0.00000 0.00000
0.00000 0.00000 -0.00000
0.01954 -0.01128 -0.00890
-0.04832 -0.02790 -0.15792
-0.00000 0.00000 -0.00000
-0.01954 0.01128 -0.60718
0.04832 0.02790 0.77400
EMIT 22
EIGEN -4.026026
VECTOR
0.00323 -0.01643 0.00000
0.04229 0.05795 0.00000
-0.04166 0.05459 0.00000
0.00323 -0.01643 -0.00000
0.04229 0.05795 0.00000
-0.04166 0.05459 0.00000
0.01114 -0.49888 -0.00000
0.32408 0.09711 0.00000
-0.34853 0.07013 0.00000
0.01114 -0.49888 -0.00000
0.32408 0.09711 0.00000
-0.34853 0.07013 0.00000
EMIT 23
EIGEN -4.026025
VECTOR
0.08050 0.00066 -0.00000
0.00612 0.03972 -0.00000
0.00949 -0.04423 -0.00000
0.08050 0.00066 0.00000
0.00612 0.03972 -0.00000
0.00949 -0.04423 -0.00000
0.27779 0.02001 0.00000
-0.31820 0.33295 0.00000
-0.29122 -0.33966 0.00000
0.27779 0.02001 0.00000
-0.31820 0.33295 0.00000
-0.29122 -0.33966 0.00000
EMIT 24
EIGEN -0.000000
VECTOR
0.00002 0.00000 0.00000
-0.02549 -0.04415 -0.00000
-0.04313 0.07470 -0.00000
0.09978 -0.00000 -0.00000
-0.00101 -0.00174 0.00000
-0.11687 0.20242 0.00000
-0.16223 0.00000 0.00000
0.03456 0.05986 0.00000
-0.08821 0.15279 0.00000
0.38644 -0.00000 -0.00000
-0.22743 -0.39391 0.00000
0.35599 -0.61660 -0.00000
EMIT 25
EIGEN -0.000000
VECTOR
0.00047 0.00000 -0.00000
-0.11251 -0.19487 0.00000
0.05015 -0.08686 0.00000
0.10347 0.00000 -0.00000
0.03585 0.06210 0.00000
-0.01976 0.03422 0.00000
-0.43895 -0.00000 0.00000
0.07816 0.13537 -0.00000
0.00486 -0.00842 -0.00000
-0.30887 -0.00000 0.00000
0.38095 0.65982 0.00000
0.08485 -0.14697 0.00000
EMIT 26
EIGEN -0.000000
VECTOR
-0.00000 -0.00000 -0.00000
0.05841 0.10117 0.00000
0.07925 -0.13726 -0.00000
0.07629 -0.00000 0.00000
-0.00049 -0.00085 0.00000
-0.00909 0.01574 0.00000
0.15921 0.00000 -0.00000
-0.20042 -0.34714 -0.00000
-0.36761 0.63672 -0.00000
-0.41263 -0.00000 0.00000
-0.00438 -0.00758 0.00000
0.12059 -0.20887 0.00000
EMIT 27
EIGEN -0.000000
VECTOR
-0.00003 0.00000 0.00000
-0.06176 -0.10697 0.00000
0.05380 -0.09319 0.00000
-0.37154 0.00000 0.00000
0.15785 0.27340 -0.00000
-0.01513 0.02620 -0.00000
0.43208 0.00000 -0.00000
-0.15716 -0.27220 0.00000
-0.13807 0.23914 0.00000
0.46088 -0.00000 0.00000
0.02019 0.03497 -0.00000
0.19922 -0.34507 -0.00000
EMIT 28
EIGEN -0.000000
VECTOR
0.62819 0.00000 -0.00000
-0.02797 -0.04844 0.00000
-0.03168 0.05486 0.00000
-0.12781 -0.00000 0.00000
-0.02974 -0.05152 0.00000
-0.03086 0.05346 0.00000
-0.45177 -0.00000 0.00000
-0.10757 -0.18632 0.00000
-0.10023 0.17360 0.00000
-0.44486 -0.00000 0.00000
-0.10830 -0.18757 0.00000
-0.09896 0.17141 0.00000
EMIT 29
EIGEN 0.000000
VECTOR
0.00000 0.00000 0.00000
-0.00407 -0.00705 -0.00000
0.01170 -0.02027 -0.00000
-0.01527 0.00000 0.00000
-0.00539 -0.00934 0.00000
0.08477 -0.14683 0.00000
-0.52590 0.00000 -0.00000
0.22208 0.38466 -0.00000
-0.27964 0.48435 0.00000
0.37815 0.00000 0.00000
-0.08921 -0.15452 -0.00000
0.04696 -0.08133 0.00000
EMIT 30
EIGEN 0.000000
VECTOR
0.00000 -0.00000 0.00000
0.01024 0.01774 0.00000
-0.02603 0.04509 -0.00000
0.08015 -0.00000 -0.00000
0.03842 0.06655 -0.00000
0.01502 -0.02602 -0.00000
-0.38933 0.00000 0.00000
-0.38090 -0.65974 0.00000
0.00311 -0.00539 -0.00000
0.42439 -0.00000 -0.00000
0.05716 0.09901 0.00000
-0.12093 0.20946 0.00000
EMIT 31
EIGEN 0.000000
VECTOR
0.00590 -0.00000 0.00000
-0.09182 -0.15903 0.00000
0.00435 -0.00754 0.00000
0.05316 -0.00000 0.00000
-0.05006 -0.08671 0.00000
-0.01436 0.02488 0.00000
0.54889 -0.00000 -0.00000
-0.02987 -0.05173 -0.00000
-0.23521 0.40740 -0.00000
0.34097 -0.00000 -0.00000
-0.02741 -0.04747 -0.00000
-0.27708 0.47991 -0.00000
EMIT 32
EIGEN 0.000000
VECTOR
0.00000 -0.00000 0.00000
-0.04804 -0.08320 0.00000
-0.15346 0.26580 0.00000
0.06582 -0.00000 -0.00000
0.04156 0.07198 -0.00000
0.09965 -0.17260 0.00000
0.45506 0.00000 0.00000
-0.08835 -0.15302 -0.00000
-0.15125 0.26198 -0.00000
-0.51076 -0.00000 -0.00000
0.02500 0.04330 0.00000
0.25121 -0.43511 0.00000
EMIT 33
EIGEN 0.000000
VECTOR
0.00000 -0.00000 -0.00000
-0.02545 -0.04408 0.00000
0.02951 -0.05111 0.00000
0.11195 -0.00000 0.00000
0.10655 0.18455 -0.00000
0.00564 -0.00976 -0.00000
-0.03031 -0.00000 0.00000
0.09368 0.16226 0.00000
0.06678 -0.11566 -0.00000
-0.32197 -0.00000 0.00000
-0.39056 -0.67647 0.00000
-0.20505 0.35516 -0.00000
EMIT 34
EIGEN 7.504864
VECTOR
0.11364 0.00000 0.00000
0.11364 -0.00000 -0.00000
0.11364 0.00000 -0.00000
0.11364 0.00000 -0.00000
0.11364 -0.00000 -0.00000
0.11364 0.00000 -0.00000
0.39211 0.00000 -0.00000
0.39211 -0.00000 -0.00000
0.39211 0.00000 -0.00000
0.39211 0.00000 -0.00000
0.39211 -0.00000 -0.00000
0.39211 0.00000 -0.00000
EMIT 35
EIGEN 7.504867
VECTOR
-0.00000 0.11364 -0.00000
-0.00000 0.11364 -0.00000
0.00000 0.11364 -0.00000
-0.00000 0.11364 -0.00000
-0.00000 0.11364 -0.00000
0.00000 0.11364 -0.00000
-0.00000 0.39211 0.00000
-0.00000 0.39211 0.00000
0.00000 0.39211 0.00000
-0.00000 0.39211 0.00000
-0.00000 0.39211 -0.00000
0.00000 0.39211 0.00000
EMIT 36
EIGEN 15.009731
VECTOR
0.00000 0.00000 0.11364
-0.00000 -0.00000 0.11364
-0.00000 0.00000 0.11364
0.00000 0.00000 0.11364
-0.00000 -0.00000 0.11364
-0.00000 0.00000 0.11364
0.00000 0.00000 0.39211
-0.00000 0.00000 0.39211
0.00000 0.00000 0.39211
0.00000 0.00000 0.39211
-0.00000 0.00000 0.39211
-0.00000 0.00000 0.39211
END_MOLECULE_DATA
