MOLECULE_DATA
NATOMS 3
ATOMS O H H
COORDINATES (Angstrom)
-0.000000 0.000000 0.118808
-0.000000 0.753252 -0.475231
-0.000000 -0.753252 -0.475231
BONDS (AtomIndex1 AtomIndex2) [1-based]
1 2
1 3
NUM_MODES 9
EMIT 1
EIGEN -0.852321
VECTOR
0.00000 -0.00000 0.00000
0.00000 0.00000 -0.70711
-0.00000 0.00000 0.70711
EMIT 2
EIGEN -0.672373
VECTOR
0.08612 -0.00000 0.00000
-0.17154 -0.68328 0.00000
-0.17154 0.68328 0.00000
EMIT 3
EIGEN -0.471103
VECTOR
0.00000 -0.15081 0.00000
0.63118 0.30040 -0.00000
-0.63118 0.30040 -0.00000
EMIT 4
EIGEN -0.331237
VECTOR
0.00000 -0.00000 0.33454
-0.00000 0.00000 -0.66637
0.00000 0.00000 -0.66637
EMIT 5
EIGEN -0.040082
VECTOR
0.27281 0.00000 0.00000
-0.54340 0.40927 0.00000
-0.54340 -0.40927 0.00000
EMIT 6
EIGEN 0.000000
VECTOR
0.00000 0.19955 0.00000
0.56753 -0.39749 -0.00000
-0.56753 -0.39749 -0.00000
EMIT 7
EIGEN 0.210561
VECTOR
0.17476 -0.00000 0.00000
0.69622 0.00000 0.00000
0.69622 -0.00000 0.00000
EMIT 8
EIGEN 0.381219
VECTOR
0.00000 -0.17476 0.00000
-0.00000 -0.69622 0.00000
0.00000 -0.69622 0.00000
EMIT 9
EIGEN 0.591780
VECTOR
0.00000 -0.00000 -0.17476
-0.00000 -0.00000 -0.69622
0.00000 0.00000 -0.69622
END_MOLECULE_DATA
