CART EMIT modes:
-0.00000000     -0.00000000     -0.00000000     0.00000000      -0.00000000     0.00000000      -0.00000000     0.00000000      0.00000000      -0.00316967     -0.07961882    0.00000000       -0.00000000     -0.00000000     -0.00000000     -0.00000000     0.00000000      -0.00000000     -0.00000000     -0.00000000     0.00000000      0.00322944     0.08050390       0.00002014      0.00046621      -0.00000047     -0.00003440     0.62818639      0.00000000      0.00000001      0.00589707      0.00000061      0.00000113     0.11363549       -0.00000000     0.00000000
-0.60538923     -0.36538182     0.00000000      0.40824875      -0.00000000     -0.00000000     -0.00000000     -0.00000000     -0.00000000     0.27969132      -0.01114232    -0.00000000      -0.00000000     -0.00000000     -0.00000000     0.00000000      -0.00000000     0.00000000      0.00000000      0.00000000      0.00000000      -0.01643101    0.00065914       0.00000000      0.00000000      -0.00000000     0.00000000      0.00000000      0.00000000      -0.00000000     -0.00000000     -0.00000000     -0.00000000    0.00000000       0.11363599      0.00000000
0.36538182      -0.60538923     0.57735038      -0.00000000     0.00000000      -0.00000000     -0.00000000     0.00000000      0.00000000      -0.00000000     -0.00000000    -0.11363531      -0.00000000     0.00000000      -0.00000000     0.00000000      0.00000000      0.00000000      0.00000000      0.00000000      -0.00000000     0.00000000     -0.00000000      0.00000000      -0.00000000     -0.00000000     0.00000000      -0.00000000     0.00000000      0.00000000      0.00000000      0.00000000      -0.00000000    0.00000000       -0.00000000     0.11363589
0.00000000      0.00000000      -0.00000000     0.35355311      0.03612047      0.45162464      0.03643512      0.32205430      0.25433039      -0.14802758     0.19606194     0.00000000       0.00000000      0.00000000      0.00000000      -0.00000000     0.00000000      -0.00000000     -0.00000000     -0.00000000     -0.00000000     0.04228706     0.00611890       -0.02549048     -0.11251088     0.05841300      -0.06175840     -0.02796509     -0.00406969     0.01024384      -0.09181551     -0.04803816     -0.02544684    0.11363586       -0.00000021     -0.00000000
-0.00000000     -0.00000000     0.00000000      -0.20412416     -0.02085417     -0.26074568     -0.02103583     -0.18593819     -0.14683776     0.00401485      -0.15599256    -0.00000000      0.00000000      0.00000000      0.00000000      -0.00000000     0.00000000      -0.00000000     -0.00000000     -0.00000000     -0.00000000     0.05795395     0.03971674       -0.04415080     -0.19487450     0.10117425      -0.10696865     -0.04843695     -0.00704890     0.01774285      -0.15902907     -0.08320452     -0.04407521    -0.00000021      0.11363562      -0.00000000
0.00000000      -0.00000000     -0.28867502     0.00000000      -0.64650901     -0.30097441     0.32465399      0.23037510      0.28804097      -0.00000000     0.00000000     -0.11363545      -0.00000000     -0.00000000     -0.00000000     0.00000000      0.00000000      -0.00000000     0.00000000      -0.00000000     -0.00000000     0.00000000     -0.00000000      -0.00000000     0.00000000      0.00000000      0.00000000      0.00000000      -0.00000000     0.00000000      0.00000000      0.00000000      0.00000000     -0.00000000      -0.00000000     0.11363589
-0.00000000     -0.00000000     -0.00000000     -0.35355311     0.28628527      -0.06402068     0.53224627      0.04502527      -0.06023850     0.16314474      0.18366548     -0.00000000      -0.00000000     0.00000000      -0.00000000     0.00000000      -0.00000000     0.00000000      0.00000000      -0.00000000     0.00000000      -0.04166104    0.00948654       -0.04312551     0.05014745      0.07924944      0.05380198      -0.03167589     0.01170200      -0.02603341     0.00435226      -0.15345776     0.02950580     0.11363586       0.00000021      -0.00000000
-0.00000000     -0.00000000     -0.00000000     -0.20412416     0.16528693      -0.03696237     0.30729262      0.02599536      -0.03477872     0.01640277      0.15517916     -0.00000000      0.00000000      -0.00000000     -0.00000000     -0.00000000     0.00000000      -0.00000000     -0.00000000     0.00000000      0.00000000      0.05458634     -0.04423138      0.07469555      -0.08685791     -0.13726402     -0.09318774     0.05486423      -0.02026845     0.04509117      -0.00753834     0.26579656      -0.05110554    0.00000021       0.11363562      0.00000000
-0.00000000     -0.00000000     -0.28867502     0.00000000      0.53035188      -0.34540737     -0.36581258     0.46432281      0.00247389      -0.00000000     0.00000000     -0.11363545      -0.00000000     -0.00000000     -0.00000000     0.00000000      0.00000000      0.00000000      0.00000000      -0.00000000     0.00000000      0.00000000     -0.00000000      -0.00000000     0.00000000      -0.00000000     0.00000000      0.00000000      -0.00000000     -0.00000000     0.00000000      0.00000000      0.00000000     -0.00000000      -0.00000000     0.11363589
-0.00000000     0.00000000      0.00000000      0.00000000      -0.00000000     0.00000000      0.00000000      -0.00000000     0.00000000      -0.00316967     -0.07961882    0.00000000       0.00000000      -0.00000000     -0.00000000     -0.00000000     0.00000000      0.00000000      -0.00000000     -0.00000000     0.00000000      0.00322944     0.08050390       0.09978401      0.10347421      0.07629345      -0.37154134     -0.12780672     -0.01527027     0.08014535      0.05316470      0.06582229      0.11194667     0.11363549       -0.00000000     0.00000000
0.60538923      0.36538182      0.00000000      0.40824875      0.00000000      -0.00000000     0.00000000      -0.00000000     -0.00000000     0.27969132      -0.01114232    -0.00000000      -0.00000000     -0.00000000     -0.00000000     0.00000000      -0.00000000     -0.00000000     0.00000000      -0.00000000     0.00000000      -0.01643101    0.00065914       -0.00000000     0.00000000      -0.00000000     0.00000000      -0.00000000     0.00000000      -0.00000000     -0.00000000     -0.00000000     -0.00000000    0.00000000       0.11363599      0.00000000
-0.36538182     0.60538923      0.57735038      -0.00000000     0.00000000      0.00000000      -0.00000000     0.00000000      0.00000000      0.00000000      0.00000000     -0.11363531      -0.00000000     -0.00000000     -0.00000000     0.00000000      -0.00000000     0.00000000      0.00000000      0.00000000      -0.00000000     -0.00000000    0.00000000       -0.00000000     -0.00000000     0.00000000      0.00000000      0.00000000      0.00000000      -0.00000000     0.00000000      -0.00000000     0.00000000     -0.00000000      -0.00000000     0.11363589
0.00000000      0.00000000      0.00000000      0.35355311      -0.03612047     -0.45162464     -0.03643512     -0.32205430     -0.25433039     -0.14802758     0.19606194     -0.00000000      0.00000000      0.00000000      0.00000000      -0.00000000     0.00000000      0.00000000      -0.00000000     -0.00000000     -0.00000000     0.04228706     0.00611890       -0.00100540     0.03585189      -0.00048880     0.15784823      -0.02974293     -0.00539063     0.03842418      -0.05005940     0.04155651      0.10655264     0.11363586       -0.00000021     -0.00000000
-0.00000000     -0.00000000     -0.00000000     -0.20412416     0.02085417      0.26074568      0.02103583      0.18593819      0.14683776      0.00401485      -0.15599256    -0.00000000      0.00000000      0.00000000      0.00000000      -0.00000000     0.00000000      0.00000000      -0.00000000     -0.00000000     -0.00000000     0.05795395     0.03971674       -0.00174141     0.06209728      -0.00084662     0.27340107      -0.05151624     -0.00933685     0.06655260      -0.08670540     0.07197796      0.18455453     -0.00000021      0.11363562      -0.00000000
-0.00000000     -0.00000000     -0.28867502     -0.00000000     -0.13161795     0.43801131      0.04253602      -0.02482841     -0.73375544     -0.00000000     0.00000000     -0.11363545      -0.00000000     -0.00000000     -0.00000000     0.00000000      -0.00000000     -0.00000000     0.00000000      -0.00000000     -0.00000000     0.00000000     -0.00000000      0.00000000      0.00000000      0.00000000      -0.00000000     0.00000000      0.00000000      -0.00000000     0.00000000      -0.00000000     -0.00000000    -0.00000000      -0.00000000     0.11363589
-0.00000000     -0.00000000     -0.00000000     -0.35355311     -0.28628527     0.06402068      -0.53224627     -0.04502527     0.06023850      0.16314474      0.18366548     -0.00000000      -0.00000000     -0.00000000     -0.00000000     0.00000000      -0.00000000     -0.00000000     0.00000000      0.00000000      0.00000000      -0.04166104    0.00948654       -0.11686686     -0.01975652     -0.00908983     -0.01512758     -0.03086392     0.08477470      0.01502427      -0.01436228     0.09965012      0.00563742     0.11363586       0.00000021      -0.00000000
-0.00000000     -0.00000000     -0.00000000     -0.20412416     -0.16528693     0.03696237      -0.30729262     -0.02599536     0.03477873      0.01640277      0.15517916     -0.00000000      0.00000000      0.00000000      0.00000000      -0.00000000     0.00000000      0.00000000      -0.00000000     -0.00000000     0.00000000      0.05458634     -0.04423138      0.20241929      0.03421929      0.01574404      0.02620173      0.05345787      -0.14683405     -0.02602280     0.02487620      -0.17259902     -0.00976429    0.00000021       0.11363562      0.00000000
0.00000000      -0.00000000     -0.28867502     0.00000000      0.24777508      0.20837047      -0.00137743     -0.66986951     0.44324057      -0.00000000     0.00000000     -0.11363545      -0.00000000     0.00000000      -0.00000000     0.00000000      -0.00000000     -0.00000000     0.00000000      0.00000000      0.00000000      0.00000000     -0.00000000      0.00000000      0.00000000      0.00000000      -0.00000000     0.00000000      0.00000000      -0.00000000     0.00000000      0.00000000      -0.00000000    -0.00000000      -0.00000000     0.11363589
-0.00000000     -0.00000000     0.00000000      0.00000000      0.00000000      0.00000000      -0.00000000     -0.00000000     -0.00000000     -0.01093735     -0.27473489    0.00000000       0.00000000      0.00000000      -0.00000000     -0.00000000     -0.00000000     -0.00000000     -0.00000000     -0.00000000     0.00000000      0.01114361     0.27778897       -0.16223076     -0.43895317     0.15921351      0.43207940      -0.45177093     -0.52589886     -0.38932944     0.54888562      0.45505793      -0.03030600    0.39211374       -0.00000000     0.00000000
-0.00000000     0.00000000      -0.00000000     -0.00000056     -0.00000000     0.00000000      0.00000000      0.00000000      0.00000000      -0.41564399     0.01655839     0.00000000       -0.00333260     0.70709892      -0.00000003     0.40824820      0.00000001      -0.00000000     0.00000032      0.00000001      0.00000000      -0.49887905    0.02001290       0.00000000      -0.00000000     0.00000000      0.00000000      -0.00000000     0.00000000      0.00000000      -0.00000000     0.00000000      -0.00000000    0.00000000       0.39211476      0.00000000
0.00000000      -0.00000000     -0.00000040     0.00000000      -0.00000000     -0.00000000     -0.00000000     0.00000000      -0.00000000     0.00000000      -0.00000000    0.39211435       -0.70709922     -0.00333256     -0.57734991     -0.00000011     -0.00000000     0.00000000      -0.00000003     0.00000000      -0.00000001     -0.00000000    0.00000000       0.00000000      0.00000000      -0.00000000     -0.00000000     0.00000000      -0.00000000     0.00000000      -0.00000000     0.00000000      0.00000000     -0.00000000      0.00000000      0.39211421
-0.00000000     0.00000000      0.00000000      0.00000006      -0.00000000     0.00000000      -0.00000000     0.00000000      0.00000000      0.04587067      -0.38284709    0.00000000       -0.00000004     -0.00000002     0.00000001      0.35355393      0.19284790      0.04208207      -0.56651194     0.12132967      0.01954227      0.32408336     -0.31820329      0.03455778      0.07815636      -0.20042159     -0.15715755     -0.10756931     0.22208100      -0.38090318     -0.02986648     -0.08834686     0.09368294     0.39211451       -0.00000044     -0.00000000
-0.00000000     -0.00000000     -0.00000000     -0.00000045     -0.00000000     -0.00000000     0.00000000      0.00000000      0.00000000      -0.30753336     0.07336345     -0.00000000      0.00000002      0.00000001      -0.00000001     -0.20412436     -0.11134073     -0.02429608     0.32707565      -0.07004968     -0.01128273     0.09711312     0.33295240       0.05985586      0.13537086      -0.34714056     -0.27220500     -0.18631560     0.38465577      -0.65974400     -0.05173028     -0.15302132     0.16226370     -0.00000044      0.39211399      0.00000000
-0.00000000     -0.00000000     -0.00000040     -0.00000000     0.00000000      0.00000000      0.00000000      0.00000000      -0.00000000     0.00000000      -0.00000000    0.39211435       0.00000015      -0.00000001     0.28867513      0.00000006      -0.09823786     -0.82567528     -0.04413706     0.23787061      -0.00889697     0.00000000     0.00000000       0.00000000      -0.00000000     -0.00000000     0.00000000      0.00000000      -0.00000000     0.00000000      -0.00000000     -0.00000000     0.00000000     -0.00000000      0.00000000      0.39211421
-0.00000000     -0.00000000     0.00000000      -0.00000006     -0.00000000     0.00000000      0.00000000      0.00000000      0.00000000      -0.07615984     -0.37798565    -0.00000000      0.00000003      0.00000003      0.00000004      -0.35355332     -0.46996055     -0.02155573     -0.23038379     -0.31346592     -0.04832256     -0.34853063    -0.29122088      -0.08821457     0.00486146      -0.36760965     -0.13807006     -0.10022842     -0.27963805     0.00311174      -0.23521052     -0.15125184     0.06677890     0.39211451       0.00000044      0.00000000
-0.00000000     0.00000000      -0.00000000     -0.00000045     0.00000000      0.00000000      -0.00000000     0.00000000      0.00000000      -0.31239145     -0.04866694    -0.00000000      0.00000002      0.00000002      0.00000002      -0.20412400     -0.27133171     -0.01244520     -0.13301207     -0.18097954     -0.02789903     0.07013097     -0.33966152      0.15279220      -0.00842030     0.63671892      0.23914449      0.17360081      0.48434757      -0.00538970     0.40739679      0.26197601      -0.11566451    0.00000044       0.39211399      0.00000000
0.00000000      -0.00000000     -0.00000040     0.00000000      -0.00000000     0.00000000      -0.00000000     -0.00000000     -0.00000000     0.00000000      -0.00000000    0.39211435       0.00000014      -0.00000001     0.28867513      0.00000004      0.47820623      0.04450234      0.01007087      -0.70306325     -0.15792086     0.00000000     0.00000000       0.00000000      -0.00000000     -0.00000000     0.00000000      0.00000000      0.00000000      -0.00000000     -0.00000000     -0.00000000     -0.00000000    -0.00000000      0.00000000      0.39211421
-0.00000000     0.00000000      0.00000000      0.00000000      -0.00000000     -0.00000000     -0.00000000     0.00000000      -0.00000000     -0.01093735     -0.27473489    0.00000000       0.00000000      -0.00000000     -0.00000000     -0.00000000     -0.00000000     0.00000000      -0.00000000     0.00000000      -0.00000000     0.01114361     0.27778897       0.38643606      -0.30887208     -0.41262521     0.46088138      -0.44486406     0.37814515      0.42438928      0.34097228      -0.51076343     -0.32196661    0.39211374       -0.00000000     0.00000000
-0.00000000     -0.00000000     -0.00000000     -0.00000056     -0.00000000     0.00000000      -0.00000000     -0.00000000     0.00000000      -0.41564399     0.01655839     0.00000000       0.00333252      -0.70709893     -0.00000003     0.40824818      -0.00000005     0.00000001      0.00000032      -0.00000001     0.00000001      -0.49887905    0.02001290       -0.00000000     -0.00000000     -0.00000000     -0.00000000     -0.00000000     0.00000000      -0.00000000     -0.00000000     -0.00000000     -0.00000000    0.00000000       0.39211476      0.00000000
-0.00000000     -0.00000000     -0.00000040     0.00000000      -0.00000000     0.00000000      -0.00000000     -0.00000000     -0.00000000     -0.00000000     -0.00000000    0.39211435       0.70709864      0.00333256      -0.57735062     0.00000003      -0.00000000     0.00000001      -0.00000004     0.00000000      -0.00000002     -0.00000000    0.00000000       -0.00000000     0.00000000      0.00000000      0.00000000      0.00000000      0.00000000      -0.00000000     -0.00000000     -0.00000000     0.00000000     -0.00000000      0.00000000      0.39211421
0.00000000      -0.00000000     -0.00000000     0.00000006      0.00000000      -0.00000000     0.00000000      -0.00000000     -0.00000000     0.04587067      -0.38284709    0.00000000       -0.00000003     0.00000001      -0.00000006     0.35355302      -0.19284793     -0.04208207     0.56651249      -0.12132967     -0.01954226     0.32408336     -0.31820329      -0.22742627     0.38094789      -0.00437671     0.02019176      -0.10829620     -0.08921424     0.05716227      -0.02740529     0.02500031      -0.39055754    0.39211451       -0.00000044     -0.00000000
-0.00000000     -0.00000000     -0.00000000     -0.00000045     0.00000000      0.00000000      0.00000000      0.00000000      0.00000000      -0.30753336     0.07336345     -0.00000000      0.00000002      -0.00000000     0.00000003      -0.20412383     0.11134075      0.02429608      -0.32707597     0.07004968      0.01128273      0.09711312     0.33295240       -0.39391405     0.65982144      -0.00758069     0.03497317      -0.18757462     -0.15452368     0.09900801      -0.04746737     0.04330183      -0.67646586    -0.00000044      0.39211399      0.00000000
0.00000000      -0.00000000     -0.00000040     0.00000000      -0.00000000     0.00000000      -0.00000000     -0.00000000     -0.00000000     0.00000000      -0.00000000    0.39211435       0.00000014      0.00000000      0.28867516      -0.00000000     -0.21585235     0.44159060      0.01834251      0.37336724      -0.60717868     0.00000000     0.00000000       0.00000000      0.00000000      0.00000000      -0.00000000     0.00000000      -0.00000000     0.00000000      -0.00000000     0.00000000      0.00000000     -0.00000000      -0.00000000     0.39211421
-0.00000000     0.00000000      -0.00000000     -0.00000006     0.00000000      -0.00000000     0.00000000      -0.00000000     -0.00000000     -0.07615984     -0.37798565    -0.00000000      0.00000003      -0.00000002     0.00000001      -0.35355364     0.46996058      0.02155572      0.23038323      0.31346592      0.04832255      -0.34853063    -0.29122088      0.35599232      0.08485372      0.12059152      0.19922334      -0.09896438     0.04695593      -0.12092921     -0.27707745     0.25120949      -0.20505390    0.39211451       0.00000044      -0.00000000
-0.00000000     -0.00000000     -0.00000000     -0.00000045     -0.00000000     0.00000000      0.00000000      -0.00000000     0.00000000      -0.31239145     -0.04866694    0.00000000       0.00000002      -0.00000001     0.00000001      -0.20412419     0.27133173      0.01244520      0.13301175      0.18097954      0.02789902      0.07013097     -0.33966152      -0.61659710     -0.14697103     -0.20887076     -0.34506512     0.17141143      -0.08133010     0.20945565      0.47991247      -0.43510783     0.35516396     0.00000044       0.39211399      0.00000000
0.00000000      -0.00000000     -0.00000040     0.00000000      -0.00000000     0.00000000      0.00000000      -0.00000000     -0.00000000     0.00000000      -0.00000000    0.39211435       0.00000015      0.00000001      0.28867512      -0.00000001     -0.16411601     0.33958233      0.01572376      0.09182539      0.77399654      0.00000000     0.00000000       -0.00000000     0.00000000      0.00000000      -0.00000000     0.00000000      0.00000000      0.00000000      -0.00000000     0.00000000      -0.00000000    -0.00000000      0.00000000      0.39211421

Eigenvalues:    -23.75141094    -23.75141094    -23.75140747    -23.75140400    -23.75140053    -23.75140053    -23.75140053    -23.75140053    -23.75140053    -18.48839235   -18.48838896     -15.00961105    -6.26781815     -6.26781815     -6.26781812     -6.26781810     -6.26781807     -6.26781807     -6.26781807     -6.26781807     -6.26781807    -4.02602639      -4.02602544     -0.00000000     -0.00000000     -0.00000000     -0.00000000     -0.00000000     0.00000000      0.00000000      0.00000000      0.00000000     0.00000000       7.50486423      7.50486689      15.00973113


################################################################################
                              Output information:                               

Molecule Name: C6H6
Number of picture: 4

                               Rendering command:                               
./render.py C6H6 4
################################################################################

Heatmap saved as './overlapMatrix/C6H6_g0.0833_overlap.png'
