CART EMIT modes:
0.17476364	0.00000000	0.00000000	0.00000000	0.00000000	0.08611867	0.00000000	0.00000000	0.27280516	
-0.00000000	-0.17476353	-0.00000000	-0.00000000	-0.00000000	-0.00000000	-0.15081135	0.19955056	0.00000000	
0.00000000	0.00000000	-0.17476350	0.33453709	0.00000000	0.00000000	0.00000000	0.00000000	0.00000000	
0.69622470	-0.00000033	-0.00000000	-0.00000000	0.00000000	-0.17153974	0.63117913	0.56753420	-0.54340180	
0.00000035	-0.69622472	-0.00000000	0.00000000	0.00000000	-0.68327586	0.30040119	-0.39748550	0.40927149	
0.00000000	0.00000000	-0.69622472	-0.66636511	-0.70710678	0.00000000	-0.00000000	-0.00000000	0.00000000	
0.69622470	0.00000033	0.00000000	0.00000000	-0.00000000	-0.17153974	-0.63117913	-0.56753420	-0.54340180	
-0.00000035	-0.69622472	0.00000000	0.00000000	0.00000000	0.68327586	0.30040119	-0.39748550	-0.40927149	
0.00000000	0.00000000	-0.69622472	-0.66636511	0.70710678	0.00000000	-0.00000000	-0.00000000	0.00000000	

Eigenvalues:   	0.21056121	0.38121893	0.59178014	-0.33123681	-0.85232110	-0.67237292	-0.47110293	0.00000000	-0.04008206	

################################################################################
                              Output information:                               

Molecule Name: H2O
Number of picture: 1

                               Rendering command:                               
./render.py H2O 1
################################################################################

Heatmap saved as './overlapMatrix/H2O_g0.3333_overlap.png'
